name: java
channels:
  - conda-forge
  - nodefaults
dependencies:
  - _libgcc_mutex=0.1=conda_forge
  - _openmp_mutex=4.5=2_gnu
  - alsa-lib=1.2.11=hd590300_1
  - bzip2=1.0.8=hd590300_5
  - ca-certificates=2024.2.2=hbcca054_0
  - cairo=1.18.0=h3faef2a_0
  - expat=2.6.2=h59595ed_0
  - font-ttf-dejavu-sans-mono=2.37=hab24e00_0
  - font-ttf-inconsolata=3.000=h77eed37_0
  - font-ttf-source-code-pro=2.038=h77eed37_0
  - font-ttf-ubuntu=0.83=h77eed37_2
  - fontconfig=2.14.2=h14ed4e7_0
  - fonts-conda-ecosystem=1=0
  - fonts-conda-forge=1=0
  - freetype=2.12.1=h267a509_2
  - giflib=5.2.2=hd590300_0
  - graphite2=1.3.13=h59595ed_1003
  - harfbuzz=8.4.0=h3d44ed6_0
  - icu=73.2=h59595ed_0
  - keyutils=1.6.1=h166bdaf_0
  - krb5=1.21.2=h659d440_0
  - lcms2=2.16=hb7c19ff_0
  - ld_impl_linux-64=2.40=h55db66e_0
  - lerc=4.0.0=h27087fc_0
  - libcups=2.3.3=h4637d8d_4
  - libdeflate=1.20=hd590300_0
  - libedit=3.1.20191231=he28a2e2_2
  - libexpat=2.6.2=h59595ed_0
  - libffi=3.4.2=h7f98852_5
  - libgcc-ng=13.2.0=h77fa898_6
  - libglib=2.80.0=hf2295e7_6
  - libgomp=13.2.0=h77fa898_6
  - libiconv=1.17=hd590300_2
  - libjpeg-turbo=3.0.0=hd590300_1
  - libnsl=2.0.1=hd590300_0
  - libpng=1.6.43=h2797004_0
  - libsqlite=3.45.3=h2797004_0
  - libstdcxx-ng=13.2.0=hc0a3c3a_6
  - libtiff=4.6.0=h1dd3fc0_3
  - libuuid=2.38.1=h0b41bf4_0
  - libwebp-base=1.4.0=hd590300_0
  - libxcb=1.15=h0b41bf4_0
  - libxcrypt=4.4.36=hd590300_1
  - libzlib=1.2.13=hd590300_5
  - ncurses=6.4.20240210=h59595ed_0
  - openjdk=22.0.1=hb622114_0
  - openssl=3.3.0=hd590300_0
  - pcre2=10.43=hcad00b1_0
  - pip=24.0=pyhd8ed1ab_0
  - pixman=0.43.2=h59595ed_0
  - pthread-stubs=0.4=h36c2ea0_1001
  - python=3.10.14=hd12c33a_0_cpython
  - readline=8.2=h8228510_1
  - setuptools=69.5.1=pyhd8ed1ab_0
  - tk=8.6.13=noxft_h4845f30_101
  - tzdata=2024a=h0c530f3_0
  - wheel=0.43.0=pyhd8ed1ab_1
  - xorg-fixesproto=5.0=h7f98852_1002
  - xorg-inputproto=2.3.2=h7f98852_1002
  - xorg-kbproto=1.0.7=h7f98852_1002
  - xorg-libice=1.1.1=hd590300_0
  - xorg-libsm=1.2.4=h7391055_0
  - xorg-libx11=1.8.9=h8ee46fc_0
  - xorg-libxau=1.0.11=hd590300_0
  - xorg-libxdmcp=1.1.3=h7f98852_0
  - xorg-libxext=1.3.4=h0b41bf4_2
  - xorg-libxfixes=5.0.3=h7f98852_1004
  - xorg-libxi=1.7.10=h7f98852_0
  - xorg-libxrender=0.9.11=hd590300_0
  - xorg-libxt=1.3.0=hd590300_1
  - xorg-libxtst=1.2.3=h7f98852_1002
  - xorg-recordproto=1.14.2=h7f98852_1002
  - xorg-renderproto=0.11.1=h7f98852_1002
  - xorg-xextproto=7.3.0=h0b41bf4_1003
  - xorg-xproto=7.0.31=h7f98852_1007
  - xz=5.2.6=h166bdaf_0
  - zlib=1.2.13=hd590300_5
  - zstd=1.5.5=hfc55251_0

